((("sleep" .
   [1 0 0 0 0])
  ("sig" .
   [1 0 0])
  ("handler1" .
   [1 0 0 0 0 0 0 0])
  ("handler2" .
   [1 0 0 0 0 0 0 0])
  ("SIGCHLD" .
   [2 0 0 0 0 2 0])
  ("sigpromask" .
   [0 0 0 0 0 0 1 0 0 0])
  ("oldmask" .
   [2 0 0 0 0 0 0])
  ("newmask" .
   [2 0 0 0 0 1 0])
  ("add_1_arg" .
   [3 0 0 0 0 0 0 0 0])
  ("result" .
   [0 0 0 0 0 1])
  ("recv" .
   [2 0 0 0])
  ("send" .
   [3 0 0 0])
  ("id" .
   [9 0])
  ("sender" .
   [1 0 0 0 0 0])
  ("receive" .
   [2 0 0 0 0 0 0])
  ("msg" .
   [12 0 0])
  ("message" .
   [4 0 0 1 1 0 0])
  ("pool" .
   [2 0 0 0])
  ("global" .
   [5 0 0 0 0 0])
  ("read" .
   [1 0 0 0])
  ("O_APPEND" .
   [2 0 0 0 0 0 0 0])
  ("unlock" .
   [3 0 0 0 0 0])
  ("lock" .
   [6 0 0 0])
  ("mtx" .
   [13 0 0])
  ("C" .
   [2])
  ("join" .
   [7 0 0 0])
  ("second" .
   [2 0 0 0 0 0])
  ("1e4" .
   [1 0 0])
  ("Counter" .
   [0 0 0 4 2 0 0])
  ("find" .
   [1 0 0 0])
  ("node_t" .
   [3 0 0 0 0 0])
  ("__node_t" .
   [1 0 0 0 0 0 0 0])
  ("NELEMS" .
   [0 0 0 1 0 0])
  ("tp2" .
   [1 0 0])
  ("tp1" .
   [1 0 0])
  ("extends" .
   [0 0 1 0 0 0 0])
  ("catch" .
   [1 0 0 0 0])
  ("Thread" .
   [0 0 1 0 0 0])
  ("pauseTime" .
   [0 0 0 1 0 1 0 0 0])
  ("TimePrinter" .
   [0 0 0 3 2 0 0 0 0 0 0])
  ("items" .
   [5 0 0 0 0])
  ("signal" .
   [8 0 0 0 0 0])
  ("handler" .
   [4 0 0 0 0 0 0])
  ("friend" .
   [2 0 0 0 0 0])
  ("printX" .
   [2 0 0 0 0 0])
  ("xptr" .
   [3 0 0 0])
  ("middle" .
   [2 0 0 0 0 0])
  ("half" .
   [3 0 0 0])
  ("advance" .
   [1 0 0 0 0 0 0])
  ("it" .
   [1 0])
  ("is_accepting" .
   [0 0 0 1 0 0 1 0 0 0 0 0])
  ("inp" .
   [8 0 0])
  ("dest" .
   [1 0 0 0])
  ("src" .
   [1 0 0])
  ("pair" .
   [2 0 0 0])
  ("m_transitons" .
   [0 0 0 0 6 0 0 0 0 0 0 0])
  ("m_final_states" .
   [0 0 0 0 0 3 0 0 0 0 0 0 0 0])
  ("m_states" .
   [0 0 0 1 0 0 0 3])
  ("add_state" .
   [1 0 0 0 0 1 0 0 0])
  ("isfinal" .
   [0 0 1 1 0 1 0])
  ("initial" .
   [0 0 0 2 0 0 0])
  ("m_initial" .
   [0 0 0 0 2 0 0 0 0])
  ("m_state" .
   [13 0 0 0 0 0 0])
  ("DFA" .
   [5 0 0])
  ("iterate" .
   [1 0 0 0 0 0 0])
  ("minRight" .
   [2 0 0 0 0 0 0 0])
  ("parent" .
   [5 0 0 0 0 0])
  ("decltype" .
   [1 0 0 0 0 0 0 0])
  ("itr" .
   [2 0 0])
  ("hasCycle" .
   [0 0 0 0 1 0 0 0])
  ("Solution" .
   [3 0 0 0 0 0 0 0])
  ("slow" .
   [3 0 0 0])
  ("fast" .
   [11 0 0 0])
  ("ListNode" .
   [8 0 0 0 1 0 0 0])
  ("mark" .
   [1 0 0 0])
  ("trim" .
   [1 0 0 0])
  ("carry" .
   [3 0 0 0 0])
  ("v1" .
   [4 0])
  ("_base" .
   [1 0 0 0 0])
  ("base" .
   [4 0 0 0])
  ("n2" .
   [4 0])
  ("n1" .
   [4 0])
  ("Number" .
   [7 0 0 0 1 0])
  ("file" .
   [3 0 0 0])
  ("end_it" .
   [1 0 0 0 0 0])
  ("regex_search" .
   [0 0 0 0 0 0 0 1 0 0 0 0])
  ("filename" .
   [2 0 0 0 0 0 0 0])
  ("results" .
   [3 0 0 0 0 0 0])
  ("smatch" .
   [1 0 0 0 0 0])
  ("alpha" .
   [1 0 0 0 0])
  ("e" .
   [2])
  ("func" .
   [9 0 0 0])
  ("foo" .
   [5 0 0])
  ("overrid" .
   [0 0 0 0 0 0 1])
  ("override" .
   [1 0 0 0 0 0 0 0])
  ("print2" .
   [6 0 0 0 0 0])
  ("static_cast" .
   [6 0 0 0 0 0 0 0 0 0 0])
  ("BinaryStdOut" .
   [0 0 0 0 0 0 1 0 0 0 0 0])
  ("delta" .
   [2 0 0 0 0])
  ("vertex" .
   [9 0 0 0 1 0])
  ("flow" .
   [6 0 0 0])
  ("capacity" .
   [2 0 0 2 1 0 0 1])
  ("FlowEdge" .
   [0 0 0 1 0 0 0 0])
  ("t" .
   [5])
  ("Edge" .
   [2 0 0 0])
  ("weight" .
   [7 0 0 2 0 0])
  ("mstWeight" .
   [1 0 0 0 2 0 0 0 0])
  ("path" .
   [2 0 0 0])
  ("minPoint" .
   [4 0 0 0 1 0 0 4])
  ("minDist" .
   [2 0 0 0 0 1 0])
  ("dist" .
   [17 0 0 0])
  ("INF" .
   [3 0 0])
  ("to" .
   [14 0])
  ("Graph" .
   [1 0 0 0 0])
  ("g" .
   [3])
  ("topSort" .
   [0 0 1 0 1 0 0])
  ("post" .
   [7 0 0 0])
  ("adj" .
   [6 0 0])
  ("query" .
   [8 0 0 0 0])
  ("lcp" .
   [3 0 0])
  ("suffixes" .
   [8 0 0 0 0 1 0 1])
  ("charAt" .
   [5 0 0 0 1 0])
  ("index" .
   [9 0 0 0 0])
  ("text" .
   [6 0 0 0])
  ("Suffix" .
   [9 0 0 0 0 1])
  ("Word" .
   [1 0 0 0])
  ("BAD" .
   [2 0 0])
  ("count" .
   [8 0 0 0 0])
  ("AcceptSet" .
   [0 0 1 2 0 0 0 0 0])
  ("S2" .
   [1 0])
  ("lexeme" .
   [3 0 0 0 0 0])
  ("S0" .
   [1 0])
  ("SE" .
   [3 0])
  ("stk" .
   [9 0 0])
  ("State" .
   [5 0 0 0 0])
  ("clear" .
   [4 0 0 0 0])
  ("nfa" .
   [9 0 0])
  ("reachable" .
   [0 0 0 0 1 0 0 0 0])
  ("POST" .
   [2 0 0 0])
  ("traverse_step" .
   [0 0 0 0 0 1 0 0 0 0 0 0 0])
  ("PRE" .
   [1 0 0])
  ("Visit" .
   [1 0 0 0 0])
  ("T" .
   [2])
  ("is_leftsuccessor" .
   [0 0 1 0 0 0 0 0 0 0 0 0 0 0 0 0])
  ("thr" .
   [3 0 0])
  ("pointer" .
   [1 0 0 0 0 0 0])
  ("use_count" .
   [1 0 0 1 1 0 0 0 0])
  ("thread" .
   [17 0 0 0 0 0])
  ("io_mutex" .
   [1 0 0 0 0 0 0 0])
  ("mutex" .
   [10 0 0 0 0])
  ("shared_ptr" .
   [1 0 1 0 0 0 0 0 0 0])
  ("chrono" .
   [2 0 0 0 0 0])
  ("Derived" .
   [1 0 0 0 3 1 0])
  ("Base" .
   [10 0 0 0])
  ("or" .
   [2 0])
  ("addedge" .
   [2 0 0 0 0 0 1])
  ("buildEpsilonTransitionDigraph" .
   [0 0 0 1 0 0 0 0 0 0 0 0 0 0 0 0 0 0 0 0 0 0 0 0 0 0 0 0 0])
  ("DirectedDFS" .
   [1 0 0 0 3 0 0 0 0 0 0])
  ("states" .
   [5 0 0 0 0 0])
  ("NFA" .
   [6 0 0])
  ("check" .
   [2 0 0 0 0])
  ("txtHash" .
   [3 0 0 0 2 0 0])
  ("patHash" .
   [1 0 0 0 1 0 0])
  ("RabinKarp" .
   [0 0 1 0 0 0 1 0 0])
  ("nextpos" .
   [4 0 0 0 0 0 0])
  ("BoyerMoore" .
   [0 0 1 1 0 0 0 0 0 3])
  ("skip" .
   [7 0 0 0])
  ("begin" .
   [6 0 0 0 0])
  ("s1" .
   [15 0])
  ("s2" .
   [13 0])
  ("kmp" .
   [2 0 0])
  ("txt" .
   [33 0 0])
  ("dfa" .
   [44 0 0])
  ("map" .
   [6 0 0])
  ("set" .
   [11 0 0])
  ("rand" .
   [3 0 0 0])
  ("bst" .
   [5 0 0])
  ("flipColors" .
   [0 0 0 0 1 0 0 0 0 0])
  ("rotateRight" .
   [0 0 0 0 0 0 0 0 1 0 0])
  ("rotateLeft" .
   [0 0 0 0 0 0 0 0 1 0])
  ("put" .
   [28 0 0])
  ("BLACK" .
   [2 0 0 1 0])
  ("get" .
   [13 0 0])
  ("isRed" .
   [11 0 0 0 0])
  ("this" .
   [8 0 0 0])
  ("color" .
   [15 0 0 0 0])
  ("k" .
   [2])
  ("Value" .
   [39 0 0 1 0])
  ("Key" .
   [20 0 0])
  ("RED" .
   [5 0 0])
  ("RBtree" .
   [1 0 1 1 0 0])
  ("isHeap" .
   [4 0 0 2 1 0])
  ("delMin" .
   [1 0 0 0 0 0])
  ("less" .
   [8 0 0 0])
  ("decreaseMax" .
   [1 0 0 0 0 0 0 0 0 0 0])
  ("decrease" .
   [1 0 0 0 0 0 0 0])
  ("decr" .
   [1 0 0 0])
  ("incr" .
   [1 0 0 0])
  ("deleteItem" .
   [1 0 0 0 0 0 0 0 0 0])
  ("IndexMinPQ" .
   [0 0 0 1 1 1 0 0 0 0])
  ("endif" .
   [1 0 0 0 0])
  ("stdio" .
   [7 0 0 0 0])
  ("quicksort4" .
   [2 0 0 0 0 0 0 0 0 0])
  ("dijistraSort" .
   [2 0 3 0 0 0 0 0 0 0 0 0])
  ("quicksort" .
   [2 0 0 0 1 3 0 0 9])
  ("mergeBu" .
   [2 0 0 0 0 0 1])
  ("lo" .
   [15 0])
  ("depth" .
   [21 0 1 0 1])
  ("mergeSort" .
   [0 0 0 0 0 0 6 0 0])
  ("aux" .
   [23 0 0])
  ("MAXSIZE" .
   [0 0 1 0 0 0 0])
  ("sort" .
   [11 0 0 0])
  ("isIncrease" .
   [0 0 0 0 1 0 0 0 0 0])
  ("puts" .
   [1 0 0 0])
  ("str1" .
   [2 0 0 0])
  ("str2" .
   [2 0 0 0])
  ("str" .
   [22 0 0])
  ("putchar" .
   [1 0 0 0 0 0 0])
  ("ch2" .
   [2 0 0])
  ("ch1" .
   [2 0 0])
  ("mergeDict" .
   [1 0 0 0 0 0 0 0 0])
  ("res2" .
   [1 0 0 0])
  ("keys" .
   [29 0 0 1])
  ("append" .
   [2 0 0 0 0 0])
  ("res1" .
   [2 0 0 0])
  ("dict" .
   [2 0 0 0])
  ("def" .
   [18 0 0])
  ("merge" .
   [8 0 0 0 1])
  ("args" .
   [6 0 0 0])
  ("in" .
   [3 0])
  ("declare" .
   [0 0 1 0 1 0 0])
  ("n1+n2" .
   [1 0 1 0 0])
  ("sum" .
   [5 0 0])
  ("listAddNodeTail" .
   [0 0 0 0 0 0 0 1 0 0 0 0 0 0 0])
  ("Return" .
   [1 0 0 0 0 0])
  ("l" .
   [2])
  ("node" .
   [74 0 0 0])
  ("listAddNodeHead" .
   [0 0 0 0 0 0 0 0 0 0 0 0 0 0 1])
  ("zfree" .
   [1 0 0 0 0])
  ("current" .
   [5 0 0 0 0 0 0])
  ("long" .
   [6 0 0 0])
  ("unsigned" .
   [0 0 0 0 2 1 0 0])
  ("listRelease" .
   [0 0 0 0 0 0 1 0 0 0 0])
  ("len" .
   [22 0 0])
  ("zmalloc" .
   [2 0 0 0 1 0 0])
  ("listCreate" .
   [1 0 0 0 0 0 0 0 0 0])
  ("match" .
   [1 0 0 1 0])
  ("dup" .
   [3 0 0])
  ("value" .
   [28 0 0 0 0])
  ("list" .
   [60 0 0 0])
  ("listIter" .
   [1 0 0 0 0 0 0 0])
  ("typedef" .
   [8 0 0 0 0 0 0])
  ("listNode" .
   [6 0 0 0 1 0 3 1])
  ("__ADLIST_H__" .
   [0 0 1 0 0 0 0 0 0 0 0 0])
  ("oldfirst" .
   [1 0 0 0 0 0 0 0])
  ("String" .
   [9 0 0 0 0 0])
  ("null" .
   [1 0 0 0])
  ("first" .
   [9 0 0 0 0])
  ("daemonize" .
   [0 0 0 1 0 0 0 0 0])
  ("cat" .
   [1 0 0])
  ("!/usr/bin/sh" .
   [0 0 0 0 0 0 0 0 0 1 0 0])
  ("ungetc" .
   [1 0 0 0 0 0])
  ("printf" .
   [25 0 0 0 0 0])
  ("gcd" .
   [3 0 0])
  ("size" .
   [79 0 0 0])
  ("sum1" .
   [2 0 0 0])
  ("subsetsWithDup" .
   [0 0 1 0 0 0 0 0 0 0 0 0 0 0])
  ("vs" .
   [2 0])
  ("cmd" .
   [3 0 0])
  ("sure-tags" .
   [1 0 0 0 0 0 0 0 0])
  ("require" .
   [1 0 0 0 0 0 0])
  ("fun2" .
   [1 0 0 0])
  ("fun" .
   [4 0 0])
  ("steps" .
   [1 0 0 0 0])
  ("algorithm" .
   [1 0 0 0 0 0 0 0 0])
  ("length" .
   [25 0 0 0 0 0])
  ("ptr" .
   [11 0 0])
  ("auto" .
   [32 0 0 0])
  ("virtual" .
   [3 0 0 1 0 0 0])
  ("isDir" .
   [1 0 0 0 0])
  ("Walk" .
   [6 0 0 0])
  ("entry" .
   [1 0 0 0 0])
  ("f3" .
   [1 0])
  ("root" .
   [162 0 0 0])
  ("f2" .
   [2 0])
  ("add" .
   [5 0 0])
  ("f1" .
   [2 0])
  ("REGULAR" .
   [1 0 1 0 1 0 0])
  ("FILE" .
   [2 0 0 0])
  ("FileType" .
   [1 0 0 0 0 0 0 0])
  ("name" .
   [16 0 0 0])
  ("fileptr" .
   [3 0 0 0 0 0 0])
  ("dirs" .
   [3 0 0 0])
  ("vector" .
   [138 0 0 1 0 0])
  ("string" .
   [175 0 0 0 0 0])
  ("Dir" .
   [4 0 1])
  ("File" .
   [19 0 0 0])
  ("DIRECTOR" .
   [1 0 0 0 4 0 0 0])
  ("type" .
   [7 0 0 0])
  ("return" .
   [246 0 0 0 0 0])
  ("tmp" .
   [17 0 0])
  ("empty" .
   [10 0 0 0 0])
  ("pop_back" .
   [1 0 0 1 0 0 0 0])
  ("pop_front" .
   [1 0 0 0 0 0 0 0 0])
  ("push_front" .
   [1 0 0 0 0 0 0 0 0 0])
  ("lst" .
   [24 0 0])
  ("while" .
   [87 0 0 0 0])
  ("cout" .
   [178 0 0 0])
  ("do" .
   [1 0])
  ("cur" .
   [73 0 0])
  ("for" .
   [163 0 0])
  ("const" .
   [108 0 0 0 0])
  ("print" .
   [53 0 0 0 0])
  ("h" .
   [8])
  ("push_back" .
   [17 0 0 0 4 0 0 0 0])
  ("deleteNode" .
   [4 0 0 0 0 0 0 0 0 0])
  ("deleteK" .
   [0 0 0 0 0 0 1])
  ("p" .
   [6])
  ("tail" .
   [24 0 0 0])
  ("pushBefore" .
   [1 0 0 0 0 0 1 0 0 0])
  ("else" .
   [104 0 0 0])
  ("pushAfter" .
   [2 0 0 0 0 0 1 0 0])
  ("push" .
   [18 0 0 0])
  ("new" .
   [33 0 0])
  ("item" .
   [16 0 0 0])
  ("delete" .
   [12 0 0 0 0 1])
  ("n" .
   [25])
  ("if" .
   [171 0])
  ("before" .
   [8 0 0 1 0 4])
  ("cassert" .
   [5 0 0 0 0 0 0])
  ("assert" .
   [15 0 0 0 0 0])
  ("Node" .
   [119 0 0 1])
  ("void" .
   [132 0 0 0])
  ("public" .
   [38 0 0 1 0 0])
  ("private" .
   [15 0 0 1 0 0 0])
  ("main" .
   [60 0 0 0])
  ("DList" .
   [2 0 0 0 0])
  ("head" .
   [89 0 0 0])
  ("i" .
   [79])
  ("next" .
   [138 0 0 0])
  ("NULL" .
   [123 0 1 0])
  ("prev" .
   [38 0 0 0])
  ("val" .
   [97 0 0])
  ("DNode" .
   [8 0 0 4 0])
  ("int" .
   [543 0 0])
  ("struct" .
   [53 0 0 2 2 0])
  ("class" .
   [43 0 0 0 0])
  ("std" .
   [74 0 0])
  ("namespace" .
   [21 0 6 6 11 0 2 0 2])
  ("using" .
   [36 0 0 1 1])
  ("iostream" .
   [53 0 0 1 1 2 0 1])
  ("include" .
   [200 0 1 4 2 0 2])
  ("s" .
   [12])
  ("bool" .
   [37 0 0 0])
  ("m" .
   [5])
  ("marked" .
   [31 0 0 4 0 0])
  ("b" .
   [2])
  ("cnt" .
   [22 0 0])
  ("c" .
   [8])
  ("false" .
   [9 0 0 0 0])
  ("true" .
   [15 0 0 0])
  ("endl" .
   [93 0 0 0])
  ("Next" .
   [1 0 0 0])
  ("FileReader" .
   [0 0 0 0 1 0 0 0 0 0])
  ("finally" .
   [1 0 0 0 0 0 0])
  ("mat" .
   [2 0 0])
  ("hello" .
   [6 0 0 0 0])
  ("fun3" .
   [1 0 0 0])
  ("USER" .
   [4 0 0 0])
  ("REPO" .
   [3 0 0 0])
  ("echo" .
   [3 0 0 0])
  ("name!" .
   [0 0 0 0 1])
  ("description" .
   [0 0 1 1 0 0 0 0 0 0 0])
  ("sk_link" .
   [4 0 0 4 2 1 7])
  ("link" .
   [20 0 0 0])
  ("static" .
   [17 0 0 0 0 0])
  ("inline" .
   [8 0 1 0 0 1])
  ("skip_list_init" .
   [3 0 0 0 0 0 0 1 0 0 0 0 1 0])
  ("__skip_list_add" .
   [0 0 0 0 1 0 0 0 0 0 0 0 0 0 1])
  ("member" .
   [1 0 0 0 0 0])
  ("define" .
   [15 0 0 0 0 0])
  ("skip_list_" .
   [0 0 0 0 0 0 0 0 0 1])
  ("pos" .
   [21 0 0])
  ("skip_list_foreach" .
   [0 0 0 0 0 0 0 0 0 0 0 0 1 0 0 0 1])
  ("MAX_LEVEL" .
   [0 1 0 0 2 0 0 0 0])
  ("dog" .
   [31 0 0])
  ("level" .
   [10 0 0 0 0])
  ("price" .
   [9 0 0 0 0])
  ("sizeof" .
   [14 0 0 0 1 0])
  ("man" .
   [26 0 0])
  ("malloc" .
   [1 0 0 0 0 0])
  ("dog_num" .
   [1 0 0 0 0 0 0])
  ("collar" .
   [0 0 3 1 1 2])
  ("skip_list_foreach_safe" .
   [0 0 0 0 0 0 0 0 0 0 0 0 0 0 0 0 0 0 0 1 0 0])
  ("skip_list_add" .
   [0 0 0 0 0 0 0 0 0 0 0 0 1])
  ("dog_kill" .
   [1 0 0 0 0 0 0 0])
  ("free" .
   [6 0 0 0])
  ("0xffff" .
   [1 0 0 0 0 0])
  ("SKIPLIST_P" .
   [0 0 2 0 0 0 0 0 0 0])
  ("end" .
   [19 0 0])
  ("skip_list_entry" .
   [0 0 0 0 0 0 0 0 0 0 0 0 1 0 0])
  ("queue" .
   [10 0 0 0 0])
  ("que" .
   [23 0 0])
  ("adjlist" .
   [3 0 0 1 0 0 0])
  ("dfs" .
   [19 0 0])
  ("DFS" .
   [4 0 0])
  ("v" .
   [20])
  ("canJump" .
   [1 0 0 0 0 0 0])
  ("from" .
   [12 0 0 0])
  ("sum2" .
   [2 0 0 0])
  ("double" .
   [22 0 0 0 0 0])
  ("power" .
   [2 0 0 0 0])
  ("power2" .
   [4 0 0 0 0 0])
  ("res" .
   [18 0 0])
  ("num" .
   [41 0 0])
  ("template" .
   [8 0 0 0 0 0 0 0])
  ("Rational" .
   [12 0 1 0 1 0 0 0])
  ("denom" .
   [10 0 0 0 0])
  ("rhs" .
   [18 0 0])
  ("operator" .
   [9 0 1 0 2 0 0 0])
  ("to_string" .
   [7 0 0 0 0 0 0 0 0])
  ("argc" .
   [3 0 0 0])
  ("argv" .
   [4 0 0 0])
  ("dirp" .
   [2 0 0 0])
  ("dirent" .
   [1 0 0 0 0 0])
  ("stdin" .
   [2 0 0 0 0])
  ("buf" .
   [12 0 0])
  ("char" .
   [36 0 0 0])
  ("getchar" .
   [2 0 0 0 0 0 0])
  ("ch" .
   [15 0])
  ("environ" .
   [0 0 0 1 1 0 0])
  ("alias" .
   [3 0 0 0 0])
  ("ls" .
   [2 0])
  ("-G" .
   [1 0])
  ("test" .
   [3 0 0 0])
  ("test2" .
   [1 0 0 0 0])
  ("isList" .
   [5 0 0 3 1 0])
  ("List" .
   [8 0 0 0])
  ("insert" .
   [28 0 0 0 0 0])
  ("lst1" .
   [3 0 0 0])
  ("lst2" .
   [4 0 0 0])
  ("BSTNode" .
   [3 0 2 7 0 0 0])
  ("word" .
   [29 0 0 0])
  ("lch" .
   [1 0 0])
  ("left" .
   [74 0 0 0])
  ("right" .
   [67 0 0 0 0])
  ("Tree" .
   [62 0 0 0])
  ("lookup" .
   [3 0 0 1 1 0])
  ("findMax" .
   [1 0 0 0 0 0 0])
  ("findMin" .
   [1 0 0 0 0 0 1])
  ("deleteMin" .
   [1 0 0 0 0 0 0 0 0])
  ("smallest" .
   [4 0 5 2 0 0 0 0])
  ("travel" .
   [5 0 0 0 0 0])
  ("Pair" .
   [2 0 0 0])
  ("lambda" .
   [2 0 1 0 0 0])
  ("isBitonic" .
   [0 0 0 1 0 0 0 0 0])
  ("changCnt" .
   [0 0 1 0 0 1 0 0])
  ("mid" .
   [45 0 0])
  ("key" .
   [123 0 0])
  ("isMax" .
   [1 0 0 0 0])
  ("binary_search" .
   [0 0 0 0 1 2 0 0 0 0 0 0 3])
  ("bitonic_search" .
   [1 0 0 6 0 0 0 0 0 0 0 0 0 5])
  ("copy" .
   [14 0 0 0])
  ("for_each" .
   [2 0 0 0 0 0 0 0])
  ("ostream_iterator" .
   [2 0 5 0 1 2 0 0 0 0 0 0 0 0 0 0])
  ("isSorted" .
   [0 0 0 0 1 0 0 0])
  ("minId" .
   [5 0 0 0 2])
  ("selectSort" .
   [0 0 0 0 3 0 0 0 0 0])
  ("swap" .
   [24 0 0 0])
  ("insertSort" .
   [1 0 0 0 0 1 1 0 0 1])
  ("bubbleSort" .
   [0 0 0 0 0 1 0 0 0 0])
  ("shellSort" .
   [0 0 0 0 1 1 0 0 0])
  ("minVal" .
   [3 0 0 1 0 0])
  ("insertSortWithSentinel" .
   [0 0 0 0 0 0 0 0 0 0 0 1 0 0 0 0 0 0 0 0 0 0])
  ("insertWithoutExch" .
   [0 0 1 0 0 0 0 0 0 0 0 0 0 0 0 0 0])
  ("typename" .
   [10 0 0 1 0 0 0 1])
  ("Fun" .
   [1 0 0])
  ("Args" .
   [1 0 0 0])
  ("clock_t" .
   [1 0 0 0 0 1 0])
  ("clocks" .
   [1 0 0 0 0 0])
  ("start" .
   [7 0 0 0 0])
  ("miSecs" .
   [0 0 0 1 0 0])
  ("Cost" .
   [5 0 0 0])
  ("Arg1" .
   [1 0 0 0])
  ("Arg2" .
   [1 0 0 0])
  ("arg1" .
   [1 0 0 0])
  ("arg2" .
   [1 0 0 0])
  ("pivot" .
   [11 0 0 0 0])
  ("break" .
   [17 0 0 0 0])
  ("quicksort2" .
   [1 0 0 0 0 0 0 0 0 0])
  ("quicksort3" .
   [2 0 0 0 0 0 0 0 0 0])
  ("MaxPQ" .
   [0 0 1 7 0])
  ("maxN" .
   [14 0 0 2])
  ("pq" .
   [54 0])
  ("maxv" .
   [8 0 0 0])
  ("swim" .
   [9 0 0 0])
  ("Par" .
   [9 0 0])
  ("sink" .
   [8 0 0 0])
  ("Left" .
   [13 0 0 0])
  ("largest" .
   [5 0 0 1 0 0 0])
  ("Right" .
   [5 0 4 3 1])
  ("delMax" .
   [0 0 0 0 1 0])
  ("change" .
   [1 0 0 0 0 0])
  ("streams" .
   [4 0 0 0 0 0 0])
  ("minIndex" .
   [1 0 0 0 0 0 0 0])
  ("readInt" .
   [3 0 0 0 0 0 0])
  ("Stream" .
   [7 0 0 0 0 0])
  ("a" .
   [2])
  ("arr" .
   [5 0 0])
  ("HashST" .
   [0 0 0 1 0 0])
  ("vals" .
   [1 0 0 0])
  ("hash" .
   [6 0 0 0])
  ("fstream" .
   [1 0 0 0 0 0 0])
  ("rank" .
   [17 0 0 0])
  ("memset" .
   [3 0 0 0 0 0])
  ("indexSort" .
   [1 0 0 0 0 1 0 0 0])
  ("threeWayQuickSortTest" .
   [0 0 0 0 0 0 1 0 0 0 0 0 0 0 0 0 0 0 0 0 0])
  ("threeWayQuickSort" .
   [4 0 1 2 1 0 0 0 0 0 0 0 0 0 0 0 0])
  ("stringSortTest" .
   [1 0 0 0 0 0 0 0 0 0 0 0 0 0])
  ("LSD" .
   [1 0 0])
  ("NUL" .
   [19 0 0])
  ("TrieST" .
   [2 0 0 1 0 1])
  ("st" .
   [2 0])
  ("keysWithPrefix" .
   [0 0 0 0 0 1 1 0 0 0 0 0 0 0])
  ("pre" .
   [33 0 0])
  ("collect" .
   [11 0 0 0 0 0 0])
  ("q" .
   [1])
  ("tst" .
   [19 0 0])
  ("pat" .
   [40 0 0])
  ("keysThatMatch" .
   [0 0 0 0 0 1 0 0 0 0 0 0 0])
  ("search" .
   [9 0 0 0 0 0])
  ("longestPrefix" .
   [0 0 0 1 0 0 0 0 0 0 0 0 0])
  ("deleteKey" .
   [4 0 0 0 0 0 0 0 0])
  ("TST" .
   [2 0 0])
  ("import" .
   [4 0 0 0 0 0])
  ("java" .
   [1 0 0 0])
  ("util" .
   [1 0 0 0])
  ("regex" .
   [4 0 0 0 0])
  ("regexp" .
   [4 0 0 0 2 0])
  ("input" .
   [10 0 0 0 0])
  ("Pattern" .
   [1 0 1 0 1 0 0])
  ("Matcher" .
   [3 0 0 1 0 0 1])
  ("pattern" .
   [1 0 0 0 0 0 0])
  ("matcher" .
   [2 0 0 0 0 0 0])
  ("System" .
   [1 0 0 1 0 1])
  ("out" .
   [1 0 0])
  ("println" .
   [2 0 0 0 0 0 0])
  ("stack" .
   [6 0 0 0 0])
  ("Digraph" .
   [6 0 1 0 0 0 1])
  ("ops" .
   [14 0 0])
  ("pop" .
   [9 0 0])
  ("addEdge" .
   [0 0 0 0 1 0 0])
  ("freq" .
   [14 0 0 0])
  ("largest_doubling" .
   [0 0 0 2 0 0 0 0 0 0 0 0 0 0 0 0])
  ("remainder_nonnegative_iterative" .
   [0 0 0 1 0 0 0 0 0 0 0 0 0 0 0 0 0 0 0 0 0 0 0 0 0 0 0 0 0 0 0])
  ("enum" .
   [3 0 0 0])
  ("states_num" .
   [1 0 0 0 0 0 0 0 0 0])
  ("state" .
   [18 0 0 0 0])
  ("s0" .
   [5 0])
  ("se" .
   [7 0])
  ("case" .
   [10 0 0 0])
  ("switch" .
   [2 0 0 0 0 0])
  ("s3" .
   [4 0])
  ("accept" .
   [1 0 0 0 0 0])
  ("buildDFA" .
   [0 0 0 0 0 0 0 1])
  ("recognize" .
   [0 0 0 0 2 0 0 0 0])
  ("resize" .
   [4 0 0 0 0 0])
  ("top" .
   [2 0 0])
  ("Entry" .
   [6 0 0 0 0])
  ("children" .
   [14 0 0 0 1 2 0 0])
  ("BTree" .
   [2 0 1 0 0])
  ("Radj" .
   [2 0 0 0])
  ("reverse" .
   [0 0 0 0 0 0 1])
  ("SCC" .
   [1 0 0])
  ("mst" .
   [2 0 0])
  ("prim" .
   [2 0 0 0])
  ("pque" .
   [5 0 0 0])
  ("old" .
   [5 0 0])
  ("encoder" .
   [6 0 1 0 0 0 0])
  ("char2bit" .
   [2 0 0 0 0 1 0 1])
  ("run" .
   [11 0 0])
  ("stoi" .
   [2 0 0 0])
  ("decoder" .
   [2 0 0 0 0 0 0])
  ("RunLength" .
   [2 0 0 1 0 0 0 0 0])
  ("compress" .
   [1 0 0 0 0 0 0 0])
  ("expand" .
   [1 0 0 0 0 0])
  ("cin" .
   [2 0 0])
  ("w" .
   [1])
  ("process" .
   [0 0 0 0 0 0 1])
  ("processed" .
   [0 0 0 0 0 0 0 0 2])
  ("process_value" .
   [1 0 0 0 0 0 0 0 0 1 0 0 0])
  ("MAX_N" .
   [1 0 0 0 0])
  ("data" .
   [15 0 0 0])
  ("INT_MAX" .
   [2 0 0 0 0 0 0])
  ("init" .
   [3 0 0 0])
  ("update" .
   [2 0 0 0 0 0])
  ("output" .
   [5 0 0 0 0 0])
  ("isPalindrome" .
   [0 0 1 0 0 0 0 0 0 0 0 0])
  ("recur" .
   [1 0 0 0 0])
  ("pow" .
   [2 0 0])
  ("export" .
   [5 0 0 0 0 0])
  ("Integer" .
   [0 0 2 1 0 0 0])
  ("get_number" .
   [1 0 0 2 0 0 0 0 0 0])
  ("min" .
   [2 0 0])
  ("front" .
   [7 0 0 0 0])
  ("SIZE" .
   [4 0 0 0])
  ("trie" .
   [2 0 0 0])
  ("IntTrie" .
   [1 0 0 0 0 0 0])
  ("signed" .
   [1 0 0 0 0 0])
  ("strs" .
   [5 0 0 0])
  ("unordered_map" .
   [0 0 0 0 1 0 0 0 0 0 1 0 0])
  ("Less" .
   [1 0 0 0])
  ("strlen" .
   [2 0 0 0 0 0])
  ("buff" .
   [1 0 0 0])
  ("Write" .
   [1 0 0 0 0])
  ("connfd" .
   [1 0 0 0 0 1])
  ("cliaddr" .
   [4 0 0 0 0 0 0])
  ("sockfd" .
   [1 0 0 0 0 0])
  ("SA" .
   [2 0])
  ("MAX" .
   [1 0 0])
  ("treap" .
   [1 0 0 0 0])
  ("tkey" .
   [3 0 0 0])
  ("fix" .
   [1 0 0])
  ("readline" .
   [3 0 0 0 0 0 0 1])
  ("histfile" .
   [3 0 0 0 0 0 0 0])
  ("atexit" .
   [1 0 0 0 0 0])
  ("rlcompleter" .
   [0 0 0 0 0 1 0 0 0 0 0])
  ("self" .
   [17 0 0 0])
  ("step" .
   [5 0 0 0])
  ("MyIteartor" .
   [0 0 0 1 0 0 0 0 0 0])
  ("stdlib" .
   [2 0 0 0 0 0])
  ("stat" .
   [3 0 0 0])
  ("pathname" .
   [1 0 0 0 0 1 0 0])
  ("st_ctime" .
   [1 0 0 0 0 0 0 0])
  ("yearsecs" .
   [1 0 0 0 0 0 0 0])
  ("SIGINT" .
   [1 0 0 0 0 0])
  ("sigHandler" .
   [1 0 0 0 2 0 0 1 0 0])
  ("exit" .
   [8 0 0 0])
  ("SIGQUIT" .
   [1 0 0 0 0 0 0])
  ("perror" .
   [4 0 1 0 0 0])
  ("__attribute__" .
   [0 0 0 1 0 0 0 0 0 0 0 0 0])
  ("unistd" .
   [1 0 0 0 0 0])
  ("pid" .
   [10 0 0])
  ("fork" .
   [1 0 0 0])
  ("fprintf" .
   [4 0 0 0 0 0 0])
  ("stderr" .
   [2 0 0 0 0 0])
  ("strerror" .
   [0 0 0 0 1 1 0 0])
  ("errno" .
   [3 0 0 0 0])
  ("wait" .
   [3 0 0 0])
  ("stdout" .
   [1 0 0 0 0 0])
  ("pthread_t" .
   [0 0 0 0 0 0 0 0 1])
  ("pthread_create" .
   [0 0 0 0 0 0 0 0 0 0 0 1 0 0])
  ("prod" .
   [1 0 0 0])
  ("seq" .
   [9 0 0])
  ("maxSoFar" .
   [0 0 0 0 1 0 0 0])
  ("ManagedQueue" .
   [0 0 1 0 0 0 0 0 0 0 0 0])
  ("heap" .
   [1 0 0 0])
  ("SHIFT" .
   [1 0 0 0 0])
  ("condition_variable" .
   [0 0 0 0 1 0 0 0 0 0 0 0 0 0 0 0 0 1])
  ("cv" .
   [4 0])
  ("notify_one" .
   [0 0 0 0 1 0 0 0 0 0])
  ("send_th" .
   [1 0 0 0 0 0 0])
  ("recv_th" .
   [1 0 0 0 0 0 0])
  ("unique_lock" .
   [0 0 0 0 0 0 1 0 0 0 0])
  ("Message" .
   [0 0 1 2 0 0 0])
  ("tostring" .
   [1 0 0 0 0 0 0 0])
  ("g_lock" .
   [2 0 0 0 0 0])
  ("this_thread" .
   [0 0 0 0 2 0 0 0 0 0 0])
  ("get_id" .
   [0 0 0 0 1 0])
  ("clnt_res" .
   [0 0 0 1 0 0 0 0])
  ("nsecs" .
   [2 0 0 0 0])
  ("alarm" .
   [2 0 0 0 0])
  ("pause" .
   [1 0 0 0 0])
  ("sleep1" .
   [1 0 0 0 0 0])))
